100 100
24 11 46 77 65 43 35 94 10 64 2 24 32 98 68 65 28 61 70 70 94 9 16 38 79 16 79 30 82 88 55 71 69 1 99 80 85 6 51 52 27 99 69 38 43 67 67 47 24 35 52 16 34 69 39 15 94 8 97 48 63 4 12 21 8 31 54 30 99 87 79 22 10 17 42 95 40 77 94 12 49 32 6 46 36 38 37 0 61 83 85 77 8 2 88 22 87 47 30 12
12 37 47 36 55 30 6 16 26 43 75 17 13 85 99 31 98 65 85 69 94 54 68 16 1 2 13 7 29 20 8 92 47 82 99 12 84 69 91 5 31 20 74 17 8 68 63 23 3 56 24 22 62 60 18 58 68 31 34 53 17 99 87 5 35 82 70 31 85 87 47 29 73 80 38 73 79 50 7 33 38 89 4 72 96 86 30 87 64 41 43 53 34 37 87 32 32 68 82 25
97 32 38 15 9 95 48 82 22 44 78 17 23 1 14 28 94 15 9 49 52 82 66 44 43 93 94 36 92 5 41 11 68 82 35 6 51 88 62 0 37 48 65 20 62 26 29 33 22 59 37 17 58 32 73 15 65 93 71 15 0 12 90 16 2 67 48 41 65 8 76 6 52 8 11 3 17 46 82 17 64 61 13 32 68 23 52 35 8 20 40 57 16 47 0 25 58 48 17 94
77 88 68 14 82 31 65 49 21 69 97 19 11 54 51 39 98 57 48 79 15 13 32 44 68 19 89 4 8 85 45 68 29 88 39 76 92 99 49 36 57 2 14 39 23 21 45 62 96 60 27 0 0 37 78 64 55 23 46 63 42 60 41 35 23 28 90 23 15 75 46 99 8 11 21 12 98 93 20 46 73 26 8 47 58 45 68 91 9 75 20 69 53 86 94 97 61 79 15 95
31 22 47 21 14 27 91 89 15 66 65 61 3 99 89 15 51 93 76 78 60 98 14 39 54 77 46 22 16 24 51 19 77 25 15 50 79 87 33 31 53 79 75 42 9 58 65 53 96 79 45 68 2 37 34 32 8 7 66 36 80 69 72 91 15 46 84 77 83 38 35 63 60 45 24 81 23 71 30 95 11 92 25 37 79 83 17 40 90 82 42 72 21 96 50 83 7 83 27 63
74 88 69 57 43 81 7 57 12 53 9 37 77 71 25 88 43 34 12 31 28 43 86 1 96 63 42 63 94 41 74 39 43 66 20 23 22 68 94 97 75 60 28 37 73 4 95 49 71 62 39 72 71 95 34 30 1 68 61 80 38 44 62 71 79 70 94 10 51 1 65 75 40 15 56 68 15 49 28 91 68 93 92 32 1 1 67 47 32 89 22 54 6 14 58 31 97 56 57 2
10 84 98 69 97 64 32 56 39 65 15 51 40 69 11 45 51 29 69 78 2 46 77 61 79 10 69 25 56 25 71 58 92 25 81 83 94 22 35 37 68 11 8 67 74 70 14 36 2 12 79 68 87 78 0 63 7 37 90 86 94 6 99 13 94 56 59 14 88 28 50 29 94 32 9 91 38 10 86 8 96 32 23 43 46 2 71 13 25 17 76 57 31 48 42 61 11 94 72 18
11 99 47 73 61 50 73 54 69 8 25 96 50 82 90 62 83 56 66 91 84 45 89 71 52 93 97 46 90 48 80 43 38 67 96 97 84 49 81 96 29 17 44 16 92 79 6 49 58 79 78 54 27 80 34 65 9 76 21 68 52 27 64 21 27 81 58 82 85 92 77 33 74 70 61 66 1 72 79 72 86 47 87 10 69 25 15 57 33 30 88 7 28 13 43 2 53 23 89 10
21 24 63 65 1 45 80 57 19 67 64 36 97 49 82 5 39 53 51 2 65 1 49 55 4 69 5 61 26 59 13 78 83 68 51 62 83 21 8 23 45 58 38 65 66 51 10 79 30 38 62 99 71 87 45 19 74 8 61 31 40 19 30 59 54 86 53 28 97 20 21 17 44 28 56 7 63 83 89 53 59 25 30 88 96 13 6 96 22 32 87 75 60 76 83 26 27 78 11 79
97 81 81 10 16 45 55 43 30 38 56 91 19 7 72 14 88 41 62 40 79 57 6 65 33 46 57 67 44 30 79 84 71 9 55 77 44 20 71 51 58 63 65 84 75 95 55 52 4 68 37 85 16 71 99 40 75 16 77 70 87 87 98 0 59 71 19 9 52 95 70 68 69 10 81 16 91 21 89 37 90 4 63 76 92 93 68 0 9 14 1 27 43 1 64 71 64 65 25 4
75 45 0 9 98 69 15 5 89 83 49 53 27 39 80 83 23 22 7 65 3 19 0 37 93 42 25 68 46 10 51 25 96 85 62 44 4 54 77 23 77 62 10 25 65 48 0 3 21 80 47 42 58 59 0 56 45 62 16 55 44 47 59 79 32 23 57 41 77 35 78 69 44 84 87 41 8 74 71 45 42 21 47 65 62 8 67 36 84 6 99 41 38 21 78 30 3 31 93 42
90 58 26 85 2 78 97 73 71 59 47 70 91 71 13 22 0 93 16 23 55 20 57 71 36 36 31 23 5 57 37 76 81 28 54 83 95 61 63 83 11 94 64 25 58 28 50 67 7 56 30 9 14 70 87 69 1 54 49 65 47 74 67 14 21 70 89 62 16 30 26 38 29 32 12 61 56 31 12 7 86 64 15 49 27 28 61 10 41 85 81 41 12 98 36 36 26 50 3 88
38 88 50 77 29 91 79 82 57 26 13 69 42 41 78 83 59 18 87 93 8 78 21 31 48 85 26 31 96 76 34 6 28 24 69 97 13 37 19 35 48 79 53 15 71 11 98 70 19 53 76 7 62 10 79 60 67 19 28 43 65 48 85 81 91 6 41 17 72 80 69 21 98 51 44 28 25 6 59 37 86 56 12 42 99 27 43 17 44 8 30 94 8 75 70 0 94 71 23 65
70 80 97 38 83 54 8 10 66 51 34 61 60 91 57 9 35 42 82 64 63 23 73 63 50 75 13 23 81 43 34 53 82 94 66 5 58 73 59 44 18 32 51 92 74 69 34 17 18 61 64 51 89 59 2 46 7 34 88 8 41 85 29 22 16 80 78 65 24 51 51 62 83 37 45 30 71 80 89 80 41 95 4 20 79 83 64 23 91 20 98 23 85 50 2 33 3 29 75 93
90 68 92 67 9 2 67 51 13 72 74 26 44 7 66 46 80 8 43 33 16 55 73 4 52 27 76 32 35 12 26 42 4 96 89 73 2 37 10 76 16 13 9 19 45 72 79 77 84 56 52 95 86 42 76 35 94 88 14 82 25 34 15 1 45 32 21 48 18 93 43 43 97 66 17 2 46 53 59 80 48 98 48 78 59 31 56 62 19 54 79 14 22 28 50 81 97 7 74 12
50 31 59 91 12 9 97 19 25 74 88 40 29 34 34 26 85 36 42 14 76 59 28 63 14 29 20 69 16 35 5 38 79 46 29 17 39 57 66 50 34 36 36 45 65 38 85 88 93 23 96 60 65 60 36 91 2 95 76 83 88 27 3 90 68 49 60 82 4 17 87 28 70 91 80 39 22 82 98 75 43 31 75 92 38 44 73 19 10 37 14 43 80 82 61 6 33 46 76 15
77 2 84 76 36 67 89 73 80 96 69 20 97 1 40 57 51 11 51 24 76 41 72 66 2 44 47 88 29 73 6 75 5 83 97 40 47 99 55 70 54 99 39 13 68 94 45 79 42 4 55 21 95 52 38 36 30 17 73 91 20 1 44 6 90 93 14 14 3 99 9 52 55 80 69 76 2 59 98 8 98 68 46 24 18 84 80 53 44 61 10 29 25 63 50 53 55 32 23 74
79 31 75 42 94 2 66 14 83 62 33 71 19 64 93 51 54 19 88 5 13 61 70 41 89 80 27 91 29 16 21 70 35 24 29 67 92 3 30 15 18 65 69 81 27 39 10 60 70 98 98 36 43 17 61 18 60 33 53 14 75 74 85 67 40 63 35 95 35 25 59 51 89 72 87 47 91 88 14 50 69 66 21 30 17 85 26 18 62 11 7 58 49 15 40 43 80 2 41 64
3 15 24 45 39 47 46 70 30 13 26 71 19 3 45 9 53 54 49 55 37 17 32 24 18 0 1 74 32 43 67 88 47 49 46 53 41 76 90 70 38 55 88 49 84 35 38 46 69 31 90 25 53 86 27 85 83 0 26 39 45 72 38 86 46 38 24 69 57 91 67 77 63 78 16 81 29 82 40 83 61 55 4 1 53 41 34 61 22 60 70 41 49 51 25 66 17 1 2 46
10 68 88 78 63 13 62 74 69 45 56 0 60 43 78 89 68 36 33 5 3 63 47 96 21 26 27 12 53 50 64 27 80 93 72 92 66 26 37 39 79 60 91 77 4 70 80 5 73 35 97 80 68 97 42 47 21 92 57 37 85 49 21 19 81 28 20 66 70 85 23 42 98 93 26 43 71 70 92 50 45 22 39 18 52 83 59 83 50 25 71 74 68 0 54 29 39 72 95 75
50 14 34 87 12 55 81 75 70 99 75 51 0 6 91 63 9 3 66 97 69 36 15 45 14 49 73 98 39 96 3 99 74 16 0 30 87 51 5 96 2 83 12 51 50 19 73 62 9 90 19 36 5 98 5 13 99 89 73 63 82 83 35 74 96 75 77 83 5 60 76 58 97 70 95 85 24 64 94 94 75 10 88 48 77 67 94 76 10 87 31 97 78 42 14 18 47 38 54 75
42 89 57 48 13 61 38 35 2 20 88 35 95 78 87 71 94 87 96 28 80 1 72 17 29 78 80 54 55 76 37 86 9 19 52 85 53 40 35 15 29 59 73 90 99 96 2 99 54 42 24 60 41 26 95 41 17 39 19 34 81 83 79 26 82 1 25 76 25 2 18 54 51 81 99 20 27 81 18 33 76 80 0 12 52 77 45 82 23 11 68 14 20 0 34 45 80 47 8 97
70 26 73 52 24 69 8 60 27 74 13 35 20 86 58 0 83 66 73 4 56 43 52 14 33 4 33 51 46 53 40 79 72 20 62 49 6 47 88 82 68 85 54 49 98 32 93 34 41 33 61 13 73 3 41 26 74 59 18 20 36 57 13 73 34 33 62 99 23 8 94 35 78 91 36 70 88 3 15 0 10 99 10 12 91 26 5 68 79 35 75 46 29 67 46 11 71 81 14 64
70 93 11 32 39 26 34 82 67 70 38 71 43 17 9 36 46 0 81 7 27 93 20 87 32 47 6 10 44 25 98 7 88 51 30 16 88 77 72 65 91 23 1 8 97 4 2 11 57 9 64 70 99 6 36 76 73 23 99 92 20 24 38 41 72 30 82 92 87 93 48 69 28 16 16 4 91 11 89 28 44 94 52 34 61 27 8 82 15 53 43 64 77 79 45 67 85 60 36 66
22 10 23 64 61 95 42 82 90 31 84 62 33 71 48 25 71 3 80 44 22 0 77 33 50 84 91 48 70 48 19 31 74 23 6 33 70 88 73 65 85 25 91 83 68 80 30 5 31 20 96 82 79 92 43 21 32 90 14 76 3 94 12 42 11 53 87 10 65 14 54 83 29 14 59 97 9 93 64 69 53 85 17 50 52 37 52 82 79 84 0 80 73 96 62 90 13 49 71 15
93 20 40 16 66 13 52 64 32 46 12 38 25 45 23 17 76 61 90 73 0 4 31 80 14 73 9 32 52 68 83 59 22 48 75 33 45 0 84 39 84 87 50 32 72 61 55 28 73 44 13 51 59 97 14 89 88 60 2 92 3 20 12 64 63 52 16 76 70 89 72 76 77 50 89 13 54 98 8 52 18 81 58 7 54 31 0 24 33 86 44 84 98 91 35 64 74 86 69 19
45 78 58 83 71 37 74 8 8 1 34 90 51 50 74 21 62 4 9 31 52 92 42 83 45 87 77 85 15 24 39 68 28 89 6 39 23 74 35 16 57 92 15 32 51 53 32 48 17 13 2 70 76 38 67 53 35 74 38 83 60 88 93 83 62 66 62 62 43 34 98 87 68 92 73 59 76 10 32 91 55 29 68 1 22 68 91 90 21 53 4 49 36 52 56 68 99 31 70 84
91 69 5 82 15 14 1 84 64 7 76 25 41 46 28 31 20 91 61 93 75 71 41 89 30 49 50 16 35 5 60 44 39 48 99 85 23 85 86 7 67 7 25 13 76 78 7 89 23 25 47 7 70 77 9 19 28 15 52 65 64 84 48 58 47 32 85 92 46 43 7 35 5 53 25 68 46 27 12 51 41 60 93 10 58 52 73 62 39 79 56 8 32 20 43 82 58 66 66 44
93 14 42 79 18 11 1 17 51 40 73 1 2 1 24 3 91 38 0 94 59 22 53 67 87 98 2 85 9 42 9 79 60 68 57 26 18 13 92 46 51 56 11 98 6 54 5 31 95 40 91 20 65 72 84 71 61 75 92 19 9 16 7 8 30 93 40 33 43 98 85 77 45 54 43 3 10 55 60 32 92 71 89 68 51 89 14 88 84 86 65 42 21 73 36 34 48 2 67 12
13 72 88 97 55 14 74 11 29 81 60 5 15 59 26 38 26 39 57 41 79 52 49 56 32 42 55 72 17 8 54 8 87 47 18 20 82 92 13 36 15 2 59 2 26 59 27 61 47 98 8 9 45 26 33 61 22 31 64 12 58 1 93 20 26 52 18 67 41 5 55 34 25 20 25 76 93 47 30 73 15 94 25 18 0 45 62 61 14 57 98 51 27 0 78 13 9 38 75 74
41 59 20 41 43 73 83 24 0 57 68 75 1 91 96 64 76 74 20 81 89 56 53 84 6 4 7 25 42 11 67 54 71 55 32 56 73 83 75 26 62 38 60 56 89 23 49 35 3 13 37 34 18 94 85 84 6 36 34 39 66 58 81 89 89 13 3 45 59 40 90 92 99 94 18 50 96 96 94 83 54 71 21 28 73 32 36 76 70 47 50 37 49 36 60 3 56 71 66 75
19 4 75 63 23 45 34 23 75 34 88 9 41 50 84 94 36 52 15 57 76 26 74 12 90 52 42 63 34 15 93 24 29 18 64 49 95 57 5 28 97 12 1 35 58 40 95 98 51 65 67 4 55 9 98 92 29 63 73 70 2 71 89 60 40 63 79 22 86 35 98 78 47 87 59 64 25 38 53 49 57 44 11 68 47 89 69 19 19 71 20 32 84 35 25 26 22 40 94 95
60 73 11 16 66 88 56 68 50 34 66 90 10 23 13 58 59 21 12 51 94 60 2 14 15 66 94 11 61 32 41 85 43 57 88 83 33 95 1 59 32 0 69 85 5 29 21 60 21 67 66 1 27 43 1 0 70 96 1 0 94 44 6 17 93 81 46 52 35 29 24 64 19 53 18 93 91 17 9 85 44 33 90 94 66 39 57 0 56 88 13 36 94 1 65 87 93 51 91 24
82 69 25 92 42 1 82 74 25 7 9 52 87 15 55 60 54 12 51 53 23 46 96 47 15 88 69 18 87 30 0 39 26 85 3 75 7 97 52 64 57 83 74 49 78 61 48 79 45 4 33 81 0 38 0 35 73 78 77 53 32 64 86 94 7 69 26 2 12 80 53 57 60 86 96 39 71 46 68 54 39 90 72 83 97 18 39 87 84 67 2 28 20 98 32 93 96 80 42 9
35 46 67 65 51 75 21 13 41 60 64 26 10 23 14 42 91 3 97 88 29 38 17 44 77 24 37 61 53 2 43 91 4 59 18 92 22 7 31 21 97 25 45 23 3 76 18 97 83 89 1 93 82 53 79 96 29 22 87 27 38 59 60 38 17 72 22 50 4 21 19 83 71 75 91 3 92 93 41 1 5 40 78 64 1 49 8 50 79 21 63 0 19 4 83 37 65 6 6 30
54 67 92 62 70 18 21 7 62 75 4 35 80 86 21 98 81 96 37 67 64 71 70 82 58 19 64 66 92 53 38 85 87 10 46 37 47 15 93 82 27 1 88 4 17 27 19 32 83 84 56 69 69 38 66 82 96 10 3 50 53 55 15 8 36 19 47 70 39 83 51 65 2 55 39 62 83 66 64 30 99 31 83 7 97 68 16 49 43 64 41 36 12 42 29 72 86 79 67 98
80 49 92 99 33 90 67 14 98 3 99 30 45 73 51 22 71 7 11 68 2 97 26 75 42 14 53 59 25 67 76 4 98 66 50 50 38 83 73 6 1 2 51 40 64 10 90 38 91 6 0 78 67 99 95 82 23 17 57 18 37 7 88 31 27 94 31 79 23 1 83 88 34 5 66 0 46 86 10 31 23 14 67 18 66 98 37 99 70 67 26 21 25 54 68 93 14 19 12 69
78 11 15 90 23 12 44 61 32 95 35 37 6 26 95 23 40 69 65 28 57 32 8 55 74 62 63 79 37 73 85 26 73 40 52 11 98 77 95 54 54 75 66 74 31 89 14 99 59 45 53 45 54 84 12 46 3 59 16 60 48 65 24 59 9 9 64 65 73 83 24 62 73 11 74 82 66 33 24 84 48 63 19 92 19 40 72 88 28 6 8 39 61 35 5 89 50 6 65 22
25 48 25 76 20 90 71 43 10 29 79 69 35 31 12 84 45 32 40 69 36 75 36 67 74 84 1 37 5 85 31 59 68 1 58 99 38 42 71 29 69 28 78 99 26 38 4 29 23 20 43 18 66 95 85 50 11 58 2 35 88 33 37 25 98 20 1 33 72 13 46 3 61 11 0 7 96 37 41 35 80 71 14 85 42 12 93 72 16 8 87 79 39 35 40 35 90 53 1 6
36 71 57 9 73 39 57 55 95 77 53 74 17 66 55 16 18 52 83 85 26 28 16 64 26 67 63 25 71 64 17 43 36 35 98 9 14 4 11 2 55 38 76 38 55 12 62 73 80 23 16 38 70 15 79 8 54 92 83 6 75 31 84 30 60 9 37 82 67 45 1 14 41 80 29 87 52 78 8 13 4 90 45 47 48 78 73 20 55 90 55 21 21 4 27 23 54 45 77 45
75 80 5 34 21 2 96 89 85 92 55 75 84 70 1 85 86 36 82 81 36 17 26 76 90 79 93 36 53 6 33 6 0 63 38 24 84 10 26 46 81 83 34 63 35 79 37 50 2 42 37 18 63 96 8 58 53 29 44 41 9 60 36 79 58 49 75 20 32 77 0 75 9 35 99 53 82 63 41 10 42 42 33 11 69 14 42 4 55 80 70 55 65 85 37 21 46 55 4 85
3 17 17 25 41 61 9 27 96 54 75 90 87 34 99 66 26 25 10 44 7 71 65 52 7 44 10 23 98 78 7 27 58 56 6 24 24 8 69 8 5 14 7 0 4 79 68 31 86 70 94 21 44 59 78 32 52 65 17 97 50 85 28 18 47 48 31 31 27 74 41 18 55 1 38 92 63 64 48 28 76 78 37 28 83 85 82 99 77 74 72 59 91 72 57 20 86 89 52 55
48 36 3 12 29 76 65 42 21 86 68 87 16 89 20 71 47 0 34 61 66 32 53 52 1 81 26 82 44 18 5 74 11 92 79 39 74 25 98 6 20 39 77 91 6 85 42 1 52 85 72 85 55 91 89 15 83 51 10 47 49 82 98 2 80 93 75 24 9 80 96 22 1 27 41 26 54 61 45 15 38 24 30 58 46 20 19 20 3 64 56 23 14 51 57 37 40 75 11 12
9 18 92 71 89 49 83 27 49 62 60 21 5 94 8 24 51 40 56 60 74 55 21 44 24 73 8 50 70 4 86 79 50 32 6 19 32 59 69 96 36 91 71 40 3 34 17 19 42 32 85 0 18 51 38 54 97 47 46 15 41 33 57 44 76 81 71 72 88 88 92 92 70 60 23 83 84 80 41 90 55 89 7 37 19 85 60 99 94 51 22 84 13 53 55 2 34 26 63 21
63 44 30 54 40 93 29 58 27 54 70 16 6 55 60 51 26 19 25 91 21 71 78 37 66 7 78 17 4 20 48 58 17 19 26 10 59 53 96 25 55 1 71 39 80 5 78 57 93 3 76 15 0 72 0 91 66 92 87 32 14 12 53 7 6 12 99 86 28 49 92 73 22 0 35 19 99 38 57 60 29 20 24 1 44 33 57 44 18 35 43 66 65 63 11 43 47 64 33 67
6 91 28 43 10 3 92 0 37 81 91 28 35 27 3 93 88 52 62 73 54 55 68 93 5 26 7 58 89 92 71 35 4 89 54 37 92 80 90 40 40 57 7 37 43 15 30 38 60 17 55 95 1 59 12 51 23 35 37 84 95 33 11 44 9 56 23 46 72 65 1 7 61 22 32 97 47 31 50 90 95 69 98 71 36 76 33 44 76 3 14 56 42 6 45 7 46 62 27 86
91 84 65 94 15 47 33 79 27 15 3 92 84 47 88 26 35 39 8 33 23 78 69 69 51 44 64 54 76 25 50 85 3 63 99 10 3 3 56 89 42 53 17 60 99 22 72 95 18 18 71 7 54 94 63 12 15 96 43 70 83 78 2 2 65 18 88 21 48 78 23 31 82 19 90 69 61 9 69 28 72 69 36 58 53 42 30 9 99 86 95 6 60 86 6 63 50 15 94 81
33 50 47 39 94 39 24 35 3 94 51 5 27 14 97 13 42 44 48 22 87 79 21 61 82 16 71 96 13 26 18 46 14 87 95 21 21 96 63 13 17 95 5 5 34 89 78 45 88 92 21 6 66 72 93 54 29 85 57 78 68 28 22 77 75 5 91 39 19 75 92 45 80 34 4 92 73 15 26 93 37 25 7 20 4 11 79 42 94 40 92 36 39 85 45 89 73 28 30 29
97 39 26 12 0 76 26 32 67 0 81 14 58 63 40 42 21 1 72 63 26 49 45 78 83 55 5 94 89 15 19 44 85 97 95 98 99 94 20 28 85 46 74 93 59 77 77 75 45 3 67 71 56 66 3 48 93 47 29 44 71 31 43 51 81 36 28 60 68 41 42 26 80 44 77 79 74 51 19 5 77 30 49 86 47 47 87 18 94 46 4 52 65 76 57 54 3 23 11 22
49 16 7 4 60 41 91 12 88 23 74 41 27 23 66 41 81 57 3 33 48 9 66 21 36 89 61 4 87 23 75 50 40 96 56 60 22 45 25 6 56 75 30 70 72 63 24 41 9 16 72 46 19 78 73 39 50 85 67 70 79 87 25 65 48 23 1 31 66 5 18 36 31 97 77 73 79 96 48 73 64 19 94 71 50 28 31 61 22 17 10 37 77 54 26 69 50 64 22 49
61 93 74 3 97 36 14 22 1 0 59 53 36 94 6 59 92 53 15 19 91 40 8 49 95 80 58 77 70 7 22 14 74 99 12 70 45 90 73 13 13 8 60 21 58 56 1 83 48 67 76 96 49 2 57 21 85 25 8 17 78 37 52 93 77 44 79 37 82 35 14 2 80 1 5 83 79 86 91 38 79 75 28 3 30 26 64 71 41 90 85 19 81 55 35 76 56 67 44 13
76 63 0 12 52 74 16 48 97 74 41 98 34 70 38 2 8 49 62 51 79 8 96 91 49 95 20 24 66 29 26 11 42 77 61 15 74 16 50 56 10 16 74 66 48 86 85 11 17 32 67 7 4 92 33 68 67 9 63 57 54 91 82 68 47 30 56 56 8 22 28 92 98 6 41 63 34 29 42 62 10 8 7 33 61 19 6 50 43 93 48 64 52 93 1 19 34 5 18 18
30 28 3 95 4 74 8 98 50 70 34 38 67 0 46 45 83 49 6 28 23 6 13 15 73 63 39 4 4 22 29 28 10 23 32 82 5 11 28 86 11 8 99 72 58 10 97 52 46 56 35 84 99 90 95 24 14 87 21 41 34 3 94 28 41 5 27 43 67 64 39 72 20 19 17 15 6 40 56 63 65 87 58 47 87 44 29 20 28 7 67 18 90 87 51 7 14 71 31 53
82 54 84 82 16 62 64 79 73 79 17 74 30 57 75 47 45 46 40 97 76 7 15 59 97 21 82 32 67 9 1 35 9 3 80 11 2 75 30 24 79 49 47 48 90 92 87 32 12 4 61 67 30 34 76 75 39 24 84 95 80 32 12 63 78 82 65 27 77 64 45 69 15 16 17 27 59 66 69 4 34 49 20 63 48 33 4 74 26 5 72 77 91 35 43 47 37 84 69 7
27 59 54 47 58 92 52 14 16 49 16 72 55 80 61 31 11 48 15 45 77 90 0 72 92 68 78 79 72 69 89 75 96 62 76 74 94 72 5 55 81 90 57 77 89 99 22 10 74 12 36 88 69 24 29 36 58 82 55 90 13 72 41 47 59 40 75 92 3 86 36 39 43 59 63 87 32 23 83 92 46 68 5 60 33 1 6 72 32 39 15 12 17 14 41 9 48 10 18 48
23 29 6 87 76 96 45 9 60 41 4 35 99 62 43 45 66 81 13 58 34 3 59 64 70 23 22 28 17 54 39 22 5 34 69 16 61 18 83 36 56 96 11 91 35 80 12 54 71 96 42 66 96 59 14 20 69 42 16 52 74 16 92 6 2 81 29 65 93 27 84 48 97 76 1 37 91 68 28 90 11 67 57 21 12 72 25 45 20 48 46 19 1 31 61 39 4 5 89 53
50 47 61 43 12 94 69 20 58 76 28 1 14 26 40 7 59 71 93 29 56 84 45 44 80 65 47 66 15 62 33 86 79 74 39 64 6 13 9 18 3 5 87 43 20 45 5 74 90 54 80 33 11 59 96 65 2 16 63 47 46 2 4 96 43 42 22 39 87 76 1 45 62 75 26 51 97 1 24 35 59 72 76 60 81 99 75 19 77 73 62 89 50 61 71 0 0 91 99 78
22 65 87 13 53 35 71 35 33 45 68 0 92 27 87 73 26 44 14 43 66 2 61 13 14 11 94 0 4 25 51 6 1 46 12 94 85 62 7 46 28 39 86 32 4 62 97 22 74 97 74 55 76 56 11 20 4 73 99 41 40 71 30 7 94 62 98 46 14 93 87 64 36 68 14 27 15 28 8 52 14 72 25 7 51 95 29 45 34 92 89 12 62 65 5 57 8 79 38 42
63 50 7 81 9 9 19 8 41 83 4 75 64 47 27 68 45 23 56 98 33 53 11 22 3 75 1 71 62 57 18 36 90 66 88 63 64 43 97 41 76 21 3 50 87 13 47 15 38 37 12 84 22 39 8 9 39 85 78 33 8 48 45 84 64 68 85 98 58 63 3 1 26 14 22 11 49 60 34 89 28 86 32 24 45 34 13 50 57 78 23 79 65 63 33 28 76 19 86 19
28 48 56 74 34 10 58 8 16 97 60 78 50 88 5 22 15 20 39 30 54 34 40 79 40 24 35 62 81 94 35 30 74 14 61 79 29 57 90 34 75 5 33 60 18 44 28 77 58 10 12 55 79 55 65 93 7 76 34 9 74 96 26 22 61 29 4 35 27 25 92 57 29 4 54 48 0 80 61 95 96 58 3 71 82 80 51 18 49 67 71 52 23 80 59 79 79 11 99 89
40 92 50 32 17 54 25 74 0 16 92 27 15 39 13 16 92 55 40 81 78 85 86 59 53 40 34 48 45 75 69 89 81 71 54 3 7 71 53 27 54 76 18 32 74 44 36 83 67 42 87 24 71 18 10 54 5 90 79 77 20 77 29 25 47 3 46 43 84 9 8 21 1 12 26 1 67 54 84 8 4 50 81 2 87 45 18 62 61 0 97 17 91 76 7 77 47 92 84 71
98 92 99 57 34 66 22 58 91 9 87 51 6 70 73 69 95 26 37 2 85 83 82 84 12 91 29 25 5 49 54 74 69 12 10 11 51 23 68 21 23 59 71 51 12 45 10 21 3 37 81 20 55 82 86 15 9 14 45 42 36 96 53 42 54 13 82 93 59 61 18 71 58 16 79 25 12 30 71 66 81 7 22 67 67 33 19 87 26 95 1 36 78 26 84 26 5 28 97 99
63 17 61 41 18 9 62 38 2 60 2 79 42 79 61 29 73 85 74 20 94 94 67 64 60 82 93 32 31 52 19 83 33 72 2 63 45 81 48 57 71 80 84 65 92 22 93 99 64 55 53 20 54 76 4 68 49 97 80 36 16 29 6 50 40 19 45 70 76 97 83 91 36 16 48 13 10 1 71 38 89 94 67 76 98 99 29 57 67 34 13 48 0 12 41 42 73 34 24 73
76 23 22 67 72 61 83 37 27 91 58 48 26 42 47 21 62 30 51 41 89 88 2 41 83 35 90 24 74 6 40 75 77 97 61 65 71 0 4 37 15 91 29 76 75 65 21 58 64 20 80 43 83 82 84 88 20 80 84 37 70 59 63 20 50 82 70 28 81 81 49 62 25 13 25 98 58 25 65 17 13 32 59 54 26 96 91 94 13 72 45 91 15 67 66 56 28 8 25 93
95 93 76 83 70 18 17 69 56 85 29 95 14 66 23 38 0 8 94 54 90 75 14 8 36 58 46 58 47 69 69 50 99 72 22 19 56 76 83 8 78 22 37 27 43 49 76 49 43 28 55 19 14 71 2 19 78 68 46 12 72 59 21 86 16 79 96 41 44 4 82 23 24 86 75 68 38 87 65 87 82 96 15 19 13 49 35 27 70 3 41 88 29 71 35 19 0 50 11 64
53 34 5 39 45 32 94 27 96 33 81 91 2 59 29 75 44 2 73 66 43 68 71 41 62 94 94 53 50 55 68 87 75 1 33 47 91 76 73 81 54 8 31 37 21 50 85 70 41 60 75 98 77 44 20 84 63 64 76 51 37 41 77 40 65 93 15 1 25 82 83 67 28 91 12 35 37 33 19 12 8 24 11 89 79 70 9 31 80 48 84 27 99 21 44 12 30 90 71 27
34 83 44 59 76 7 69 86 32 85 47 29 44 64 42 13 30 87 61 95 84 84 21 76 98 56 68 6 46 99 4 46 61 91 77 25 80 51 12 72 0 22 98 95 1 54 82 35 79 31 82 42 29 76 43 50 62 67 61 20 39 63 39 33 80 0 67 53 86 17 33 78 74 88 94 61 86 25 75 43 73 32 27 15 16 61 17 85 47 27 63 12 90 92 32 37 83 64 15 0
86 29 48 61 97 3 68 40 81 82 64 36 91 17 47 6 35 24 16 18 83 82 5 59 53 20 87 82 56 57 78 21 10 75 57 43 84 65 17 12 93 77 3 65 62 27 21 73 45 26 1 59 47 96 17 3 24 89 8 77 16 86 84 24 3 43 25 16 59 3 22 70 6 4 24 6 79 39 96 26 99 14 37 29 56 19 73 13 57 53 19 94 57 40 96 7 92 79 61 19
2 4 13 41 4 30 52 43 72 10 24 84 92 82 78 1 48 54 67 84 69 11 58 6 84 27 13 66 7 17 13 0 77 77 24 94 0 95 25 26 66 30 41 47 29 34 1 75 61 94 58 38 11 77 49 90 45 7 57 76 17 86 35 55 97 23 7 15 57 83 1 53 28 41 17 39 69 11 76 49 26 38 4 13 58 74 88 0 27 33 48 92 38 49 8 80 94 86 49 5
26 85 17 77 92 5 9 70 59 10 21 34 30 7 50 79 81 22 96 22 35 7 88 24 35 9 14 79 32 37 45 83 62 71 23 40 20 26 20 52 65 17 40 16 11 14 61 31 99 29 98 71 89 26 69 19 97 92 42 83 90 30 38 21 65 38 72 59 84 9 58 55 2 44 57 18 66 71 12 20 47 83 79 2 39 73 93 35 1 3 43 28 84 36 61 35 78 19 51 73
42 2 47 89 70 43 69 45 69 51 52 25 79 21 36 7 50 36 81 91 44 37 57 80 66 30 70 65 82 22 39 47 20 39 78 44 36 90 31 96 3 48 65 50 50 17 49 62 0 54 84 42 37 59 28 4 45 66 23 40 72 4 62 47 12 5 5 40 43 92 71 60 4 84 88 96 72 7 29 48 81 8 65 28 37 96 10 60 10 73 98 69 67 91 24 99 85 17 37 45
12 8 19 8 83 24 38 52 71 32 32 38 37 74 59 63 38 34 10 16 95 44 29 69 93 1 92 13 60 88 11 54 69 83 36 72 89 57 44 12 57 57 88 77 41 60 32 92 31 60 60 50 7 21 50 68 79 50 14 81 31 25 92 82 21 78 69 53 38 87 74 81 89 97 58 37 55 51 27 32 69 99 81 99 28 60 47 47 32 68 92 38 42 63 80 32 65 5 56 62
91 78 54 44 86 78 60 9 63 13 12 27 22 81 12 31 43 92 54 61 30 21 21 70 94 35 39 26 16 25 71 49 95 64 41 90 45 37 13 49 99 37 84 19 55 65 16 60 50 48 89 72 51 95 31 70 57 84 49 50 39 34 92 38 41 62 32 57 40 21 86 5 79 5 62 93 36 1 14 29 19 78 75 67 36 99 98 0 33 71 33 60 88 63 9 64 45 46 77 92
32 59 20 29 62 83 93 45 33 38 33 55 70 20 31 61 58 24 2 42 64 32 24 68 87 26 17 16 96 97 48 90 23 21 96 59 58 46 5 52 5 53 66 94 37 77 90 67 31 48 6 20 44 35 28 0 35 51 41 35 65 77 48 35 90 43 31 48 23 71 2 12 18 49 37 11 65 30 30 10 36 50 84 48 90 27 46 88 93 95 24 6 4 69 87 27 4 30 3 94
46 41 43 60 45 93 1 95 98 16 34 5 21 31 99 15 93 0 44 63 97 43 54 27 47 96 7 49 61 9 7 34 26 35 63 94 6 24 2 97 25 50 90 76 60 19 85 73 70 72 34 3 85 40 97 3 87 15 13 49 86 52 33 88 9 0 78 85 67 5 8 69 97 47 37 46 52 77 66 27 10 34 79 89 75 3 48 86 38 60 7 90 10 53 10 73 17 2 67 60
40 0 5 64 63 64 5 37 2 51 50 9 48 85 38 52 73 44 12 6 51 92 46 7 97 18 58 44 37 64 29 50 10 6 87 10 28 14 25 10 98 10 83 87 9 97 41 25 14 58 99 72 89 61 8 48 53 98 66 45 6 61 0 38 22 0 99 42 97 28 23 59 18 1 7 40 8 59 97 0 76 32 30 78 64 56 61 48 97 38 56 29 47 80 4 36 10 45 65 9
98 99 28 85 34 40 54 87 53 68 39 94 1 66 69 73 30 21 73 65 39 50 45 58 72 93 11 38 97 71 30 63 94 87 1 77 4 44 44 24 2 73 95 29 99 62 28 81 10 31 5 88 72 99 70 47 54 69 13 40 28 15 90 82 37 76 0 14 64 91 68 86 77 48 63 65 54 15 59 10 65 30 27 65 65 42 90 94 16 54 23 35 31 3 96 86 83 13 92 22
62 14 16 19 62 19 10 23 35 5 92 38 9 2 75 97 87 24 17 94 85 5 97 10 68 33 55 73 52 77 81 41 23 37 48 51 14 8 3 45 32 67 59 10 61 84 26 28 28 98 99 59 95 97 36 56 16 6 50 28 64 36 71 58 24 51 14 72 54 23 83 78 20 71 62 18 45 86 48 83 7 26 45 53 77 22 45 25 0 91 35 7 58 74 81 95 95 0 86 10
70 53 74 5 14 20 38 24 35 17 10 29 57 66 21 37 91 17 80 2 5 89 72 63 88 75 20 46 90 66 23 45 0 38 13 53 52 40 39 57 83 21 89 82 80 5 50 92 52 43 4 78 19 84 5 81 81 10 16 38 0 91 34 69 94 65 29 18 52 67 85 51 78 23 18 83 99 89 82 82 25 28 93 46 62 44 25 15 33 32 72 41 23 0 56 91 87 20 87 14
76 31 39 84 58 52 99 96 66 21 81 92 28 33 13 72 98 87 6 49 39 13 85 20 95 43 27 77 66 26 96 78 1 67 6 93 88 8 87 9 44 29 49 12 50 79 13 89 86 84 93 99 14 38 75 62 46 18 89 15 25 21 29 39 24 3 90 60 27 20 83 89 0 97 4 10 64 73 69 15 29 37 91 81 33 97 64 63 92 43 46 70 19 72 84 22 99 9 87 47
89 53 62 66 1 3 98 16 33 64 98 73 49 73 85 87 30 47 6 26 38 27 67 83 73 13 70 27 12 81 10 54 85 21 26 76 75 25 80 29 98 47 30 28 45 73 20 46 87 96 92 52 3 60 9 62 85 78 92 88 33 71 3 51 54 44 87 28 46 8 11 5 67 76 28 90 97 39 38 99 92 24 40 16 89 58 50 24 12 64 91 97 32 92 96 27 43 78 74 0
85 92 99 78 84 87 84 26 32 18 65 45 39 93 95 9 30 87 62 95 93 63 16 82 17 14 73 75 80 0 47 18 65 37 13 0 24 61 31 2 73 24 91 93 99 45 57 39 96 86 96 56 16 78 7 22 76 17 61 70 13 9 45 32 71 46 80 1 79 95 85 68 55 60 22 69 71 22 82 71 56 33 78 94 3 91 2 87 30 91 24 6 0 61 88 63 78 59 21 52
64 56 60 1 1 28 0 56 56 37 51 53 34 89 13 79 30 51 28 80 43 93 71 87 71 78 68 94 71 58 91 11 0 30 7 0 73 77 92 75 90 46 31 92 40 70 72 10 48 8 32 26 31 41 8 71 85 72 30 23 59 5 84 97 46 39 52 4 82 13 6 53 59 52 89 97 62 78 47 0 5 57 46 63 25 64 80 59 21 35 15 1 47 68 16 85 62 33 45 1
17 68 27 35 2 79 67 78 51 11 9 6 25 29 17 1 59 21 72 82 58 93 82 47 97 4 6 90 36 4 35 28 32 46 82 37 29 11 60 45 96 2 8 10 26 8 76 17 50 14 25 41 60 63 42 24 85 80 37 97 73 77 41 46 76 80 74 78 47 80 71 48 60 26 85 56 84 72 21 89 28 88 39 21 79 94 67 69 3 57 52 49 74 63 72 19 60 61 33 45
34 97 69 70 43 77 80 34 77 86 40 12 59 47 69 84 38 20 67 82 12 4 75 89 28 22 74 97 53 66 96 23 38 75 55 30 18 68 78 2 13 33 92 17 17 39 89 26 93 88 80 39 93 51 33 29 22 80 42 20 2 83 81 10 89 16 73 84 91 38 65 69 41 65 68 79 12 57 72 89 32 47 3 65 85 56 29 87 42 25 8 38 26 57 99 30 52 81 27 0
65 5 34 54 23 11 98 28 82 54 17 64 7 52 87 55 79 15 24 33 87 86 42 66 30 26 43 83 66 38 27 30 29 71 23 27 12 49 42 74 57 1 4 88 8 43 30 73 69 44 50 36 56 94 13 78 62 68 23 96 68 14 61 44 26 87 35 36 29 60 42 29 73 50 75 85 82 54 58 86 95 69 14 22 88 90 73 35 57 44 64 44 25 45 6 43 39 60 61 21
8 94 44 9 1 20 62 6 18 28 96 8 10 37 0 99 0 39 55 36 13 99 78 84 95 97 4 27 44 32 45 21 92 37 78 1 24 4 20 67 28 67 16 29 48 56 33 88 45 7 42 99 4 24 7 8 15 60 14 3 16 34 62 86 82 75 15 73 58 98 74 96 19 88 8 45 83 49 36 38 64 15 82 36 89 46 16 67 29 69 86 63 89 16 50 93 5 29 46 72
40 60 29 46 32 46 80 16 16 61 25 65 24 75 39 0 52 25 97 36 58 47 44 89 12 10 6 3 37 14 40 53 2 63 98 3 86 35 4 42 65 0 51 67 44 20 39 13 76 49 41 80 32 10 14 92 16 40 34 21 40 76 78 2 21 71 63 61 77 36 14 16 20 54 70 57 96 76 44 92 71 92 26 87 72 60 21 92 48 6 86 45 1 82 2 88 22 48 46 73
56 77 36 40 35 25 59 77 39 57 95 39 96 41 50 47 50 90 29 60 50 71 12 70 49 69 14 38 52 81 34 48 30 70 35 93 56 86 52 47 1 43 52 91 10 47 49 59 31 55 38 32 18 85 23 85 64 65 90 66 11 20 25 57 22 46 8 25 6 56 90 63 37 82 59 7 18 21 59 2 19 54 6 96 43 2 29 45 47 49 28 90 96 86 36 80 17 94 68 64
38 24 53 74 64 75 94 36 25 15 66 43 5 88 46 56 14 28 14 20 17 63 77 56 28 99 67 51 46 78 89 24 52 95 63 95 1 31 31 68 7 93 19 32 83 84 84 7 39 79 66 88 79 48 46 74 46 96 46 64 7 43 89 47 26 41 91 9 24 50 55 82 96 46 12 23 44 45 73 43 14 59 11 66 12 1 45 3 48 88 48 5 85 67 60 64 3 72 6 41
93 74 82 88 24 83 91 32 35 23 30 1 22 3 49 48 31 23 34 24 96 87 61 36 1 49 97 29 86 48 19 71 38 32 49 40 76 22 41 28 9 12 68 25 57 47 82 82 17 11 32 80 37 81 44 6 13 46 87 74 86 62 46 87 3 58 62 89 53 9 71 8 81 5 15 84 19 35 78 54 66 14 12 74 15 39 34 57 88 43 26 30 35 66 42 47 65 81 21 99
84 93 28 7 40 24 99 32 65 59 87 78 68 32 8 71 49 71 71 64 24 4 1 9 83 41 72 14 63 68 18 38 14 79 69 73 86 5 34 91 39 1 92 28 56 48 62 3 58 70 97 94 9 56 74 79 91 18 23 99 51 85 68 96 40 49 63 88 62 34 85 44 37 80 25 22 12 73 53 35 78 69 55 93 71 24 28 57 4 89 82 67 81 34 39 54 33 95 87 7
84 73 40 24 84 53 56 29 31 51 67 18 65 88 20 81 29 75 25 16 20 6 84 72 52 18 62 2 40 70 89 16 85 46 50 5 29 31 8 18 67 98 26 53 22 64 2 93 13 57 24 58 70 71 86 78 89 67 72 66 90 53 89 60 61 51 32 18 37 15 52 98 66 7 48 21 79 31 50 87 15 69 88 82 45 31 45 14 59 72 16 61 59 42 27 14 9 65 91 70
32 83 55 98 5 26 91 63 22 64 98 57 16 84 50 20 64 6 14 30 5 17 59 65 98 90 39 24 79 34 11 14 39 79 55 32 13 90 77 19 39 82 92 95 73 58 45 74 91 6 49 3 50 61 65 14 24 90 0 14 87 67 84 88 52 83 18 36 28 18 6 74 29 95 90 22 25 64 91 40 45 64 32 72 84 8 64 78 14 40 8 23 89 62 32 72 98 3 42 89
40 8 46 72 99 74 74 55 70 42 89 60 98 60 68 23 34 11 3 44 19 39 22 87 10 83 84 66 63 17 24 21 21 1 99 37 17 59 72 10 34 8 7 71 51 47 24 29 94 9 38 86 0 98 69 0 85 58 62 16 89 7 91 53 18 67 38 97 60 30 5 74 39 93 9 11 31 51 36 62 58 55 71 54 79 37 21 23 31 98 52 59 97 55 20 26 17 54 52 83
9 27 69 63 3 63 47 7 88 58 69 34 22 99 57 34 35 37 73 80 46 15 65 61 78 46 76 83 72 82 93 77 98 52 53 31 86 7 50 15 90 14 34 72 29 17 36 97 98 86 91 79 80 72 37 93 61 7 85 57 86 63 34 5 64 92 35 70 46 25 48 27 86 57 89 31 80 92 32 60 9 79 84 85 91 14 96 26 14 59 70 78 22 92 29 26 79 28 7 37
82 66 51 72 38 63 92 22 82 5 13 68 75 24 48 7 79 49 14 50 95 8 55 86 55 69 5 94 28 63 52 51 84 94 77 42 27 12 47 28 21 73 44 8 46 1 3 97 44 21 47 30 14 57 41 73 10 65 16 69 57 98 94 18 53 61 84 81 46 5 79 66 2 85 29 22 63 46 39 54 65 8 49 7 15 22 37 27 52 3 31 61 95 78 71 22 78 26 55 85
17 22 50 38 41 81 28 28 27 19 10 64 26 62 3 49 48 87 3 31 23 56 28 43 73 17 71 24 14 7 43 37 91 53 36 43 57 10 65 34 94 8 0 33 93 67 35 32 74 21 73 91 23 23 61 60 93 7 65 24 10 4 13 20 75 72 72 72 25 59 91 37 21 68 37 15 56 95 49 5 82 38 49 93 33 51 14 67 92 76 49 50 45 41 24 89 94 79 58 21
95 63 6 14 29 35 69 54 86 46 4 98 58 59 41 71 54 20 87 23 57 4 80 49 10 41 92 80 43 47 20 76 36 27 10 19 31 34 63 97 81 60 81 45 71 50 91 85 99 52 35 74 92 34 63 90 82 57 4 88 43 89 10 38 26 28 61 30 49 22 40 20 57 89 41 97 23 34 78 59 49 6 81 91 12 46 83 2 63 19 36 74 30 74 54 92 49 42 19 43
88 61 36 77 12 14 16 3 93 66 67 48 78 44 39 36 7 19 26 80 44 59 66 29 85 65 90 83 35 48 47 80 14 35 70 88 70 4 78 97 30 80 8 97 52 88 95 85 35 17 84 30 15 39 98 28 94 6 91 46 24 32 67 44 18 86 33 43 73 50 65 3 41 29 50 64 51 69 77 97 70 4 47 17 63 17 65 75 36 42 93 64 12 31 72 97 12 63 78 66
